29	6
 160403321Biwybxduun        85        50        40        94        95        24       388        65
 368402971Boygpoeylf         7        37        57        87        53        83       324        54
  39202255Bxcoksfzkv        48        83         7        21        10        17       186        31
 625352806Csmpxohgmg        81        44        96        22        29        61       333        56
 709031779Dpooefxzbc        86        90        61        36        55        67       395        66
  59540376Ekmqdcyzje        18        64        19        52         0        87       240        40
 211859640Enpevqgxie        13        27         2        99        27        25       193        32
 549646417Enzkycxfxt        39        58         4        30        77         6       214        36
 675016434Fozvsrtkjp        53        68        47        44        62        57       331        55
  56829267Fwlqijtvdw        87        29        49        37        66        49       317        53
 106923811Ikeffmznim        56        40        66        76        31         8       277        46
 217042883Jyhfixjswn        24         8        44         9        89         2       176        29
 760640414Koaugzqrcd        15        88        56        11         2        34       206        34
  67270876Navymmtatb        95        25        64        60         2        16       262        44
 257655784Nrvystmwcy        40        42        64        48        46         5       245        41
  59821561Ozijipfion        82        86        65        87        77        74       471        79
  30391025Pzshkljugg        34        74        72        59        33        70       342        57
    757148Qghumeayln        81        27        61        91        95        42       397        66
 113190751Togbgxpeya        45        49        86        13        74        22       289        48
 101289133Ubfaaovlzy         1        89        55        23         2        85       255        43
 567314089Ujjloovaow        96        21        48        99        68        84       416        69
   4476636Vgylwgbusb        16        71        86        63        13        55       304        51
 133145006Vipyamyehw         0        91        62        55        10        59       277        46
 102239781Vnpppsuacb        40        51        62        29         0        13       195        33
  26239573Vscxggbwkf        47        26        71        38        69        12       263        44
 486774961Wayyzpvscm        81        98        22        51        21        99       372        62
 248711871Wsrtesjwhd        76        29        68        92        25        55       345        58
  65449576Zrzbmnmgqo        80        96        98        81        89        98       542        90
   2968733Zujllchhbf        92        42        22        86        64         0       306        51
